154	538	421	351	-0.700374531835	645.857677903
189	527	268	469	-0.73417721519	665.759493671
331	423	404	368	-0.753424657534	672.383561644
383	383	418	356	-0.771428571429	678.457142857
252	479	323	429	-0.704225352113	656.464788732
389	373	432	342	-0.720930232558	653.441860465
271	457	284	448	-0.692307692308	644.615384615
288	445	391	373	-0.699029126214	646.32038835
304	442	382	384	-0.74358974359	668.051282051
175	538	205	516	-0.733333333333	666.333333333
412	362	443	337	-0.806451612903	694.258064516
-0.732661097182	662.903907103


551	354	563	361	0.583333333333	32.5833333333
606	393	650	419	0.590909090909	34.9090909091
613	391	656	416	0.581395348837	34.6046511628
618	395	623	398	0.6	24.2
0.58890944327	31.5742688513


