159	539	385	375	-0.725663716814	654.380530973
245	487	448	334	-0.753694581281	671.655172414
218	508	346	411	-0.7578125	673.203125
178	538	225	504	-0.723404255319	666.765957447
406	361	435	340	-0.724137931034	655.0
374	384	412	356	-0.736842105263	659.578947368
311	429	384	376	-0.72602739726	654.794520548
-0.73536892671	662.196893393


700	447	852	539	0.605263157895	23.3157894737
712	445	752	468	0.575	35.6
784	497	834	527	0.6	26.6
759	473	797	494	0.552631578947	53.5526315789
798	494	862	532	0.59375	20.1875
757	471	796	493	0.564102564103	43.9743589744
700	446	774	491	0.608108108108	20.3243243243
573	363	591	373	0.555555555556	44.6666666667
753	468	761	473	0.625	-2.625
0.58660121829	29.5106967798


