265	452	393	365	-0.6796875	632.1171875
387	373	428	343	-0.731707317073	656.170731707
227	490	402	363	-0.725714285714	654.737142857
138	539	352	394	-0.677570093458	632.504672897
367	388	426	345	-0.728813559322	655.474576271
158	538	199	510	-0.682926829268	645.902439024
232	486	278	452	-0.739130434783	657.47826087
194	513	228	488	-0.735294117647	655.647058824
375	377	409	352	-0.735294117647	652.735294118
-0.715126472768	649.196373785


559	358	575	368	0.625	8.625
559	357	568	363	0.666666666667	-15.6666666667
661	425	747	479	0.627906976744	9.95348837209
670	424	692	437	0.590909090909	28.0909090909
672	424	784	491	0.598214285714	22.0
706	454	768	493	0.629032258065	9.90322580645
0.622954879683	10.4843261005


