292	462	353	411	-0.83606557377	706.131147541
280	461	344	410	-0.796875	684.125
409	366	416	360	-0.857142857143	716.571428571
320	440	347	417	-0.851851851852	712.592592593
405	364	415	356	-0.8	688.0
450	335	459	329	-0.666666666667	635.0
316	433	346	410	-0.766666666667	675.266666667
-0.796466945157	688.240976482


566	359	877	538	0.575562700965	33.231511254
625	387	898	538	0.553113553114	41.304029304
601	375	711	435	0.545454545455	47.1818181818
713	436	898	539	0.556756756757	39.0324324324
0.557721889072	40.1874477931


