293	462	353	411	-0.85	711.05
280	460	339	415	-0.762711864407	673.559322034
449	332	456	326	-0.857142857143	716.857142857
300	457	310	448	-0.9	727.0
408	366	420	357	-0.75	672.0
312	435	345	410	-0.757575757576	671.363636364
436	342	440	339	-0.75	669.0
280	461	305	442	-0.76	673.8
450	335	468	322	-0.722222222222	660.0
-0.789961411261	686.070011251


612	380	898	538	0.552447552448	41.9020979021
525	335	851	523	0.576687116564	32.2392638037
513	329	639	401	0.571428571429	35.8571428571
752	458	898	539	0.554794520548	40.7945205479
562	352	636	394	0.567567567568	33.027027027
799	494	865	531	0.560606060606	46.0757575758
835	515	876	538	0.560975609756	46.5853658537
0.563500999845	39.4973107953


