138	539	339	403	-0.676616915423	632.373134328
227	490	410	357	-0.726775956284	654.978142077
183	521	363	391	-0.722222222222	653.166666667
138	538	220	483	-0.670731707317	630.56097561
400	363	422	348	-0.681818181818	635.727272727
343	400	433	335	-0.722222222222	647.722222222
158	538	210	501	-0.711538461538	650.423076923
246	465	355	391	-0.678899082569	632.009174312
423	346	448	328	-0.72	650.56
-0.701202749933	643.057851652


731	460	764	480	0.606060606061	16.9696969697
661	424	767	493	0.650943396226	-6.27358490566
689	442	768	493	0.645569620253	-2.79746835443
671	424	748	470	0.597402597403	23.1428571429
560	355	579	366	0.578947368421	30.7894736842
530	338	536	342	0.666666666667	-15.3333333333
0.624265042505	7.74960686722


